10
0 1 -30.078649 -58.717134 -76.416898 -81.917466 -41.313799 -40.337071 -74.130203 -55.963423 -29.835230 -84.130746 -34.664869 -54.347491 
1 0 -30.078649 -41.313799 -29.835230 -58.717134 -40.337071 -84.130746 -76.416898 -74.130203 -34.664869 -81.917466 -55.963423 -54.347491 
0 2 -13.560777 -73.207165 -19.238484 -18.715059 -78.554919 -38.298650 -78.304074 -67.241268 -4.145294 -32.632888 -23.723145 -70.811941 
2 0 -13.560777 -78.554919 -4.145294 -73.207165 -38.298650 -32.632888 -19.238484 -78.304074 -23.723145 -18.715059 -67.241268 -70.811941 
0 3 -38.738207 -33.261088 -95.867742 -28.965812 -62.621187 -1.860069 
3 0 -38.738207 -95.867742 -62.621187 -33.261088 -28.965812 -1.860069 
0 4 -25.671088 -90.397038 -69.224253 -26.591681 -56.739666 -95.507329 -11.922224 -94.677692 -93.879932 -74.419833 -86.963746 -29.927271 
4 0 -25.671088 -56.739666 -93.879932 -90.397038 -95.507329 -74.419833 -69.224253 -11.922224 -86.963746 -26.591681 -94.677692 -29.927271 
0 5 -69.845956 -20.587428 -78.980309 -62.715383 -65.408684 -57.110684 
5 0 -69.845956 -78.980309 -65.408684 -20.587428 -62.715383 -57.110684 
0 6 -23.161640 -37.852279 -45.016870 -21.011450 -53.488457 -11.323579 -92.521630 -30.225779 -76.486796 
6 0 -23.161640 -21.011450 -92.521630 -37.852279 -53.488457 -30.225779 -45.016870 -11.323579 -76.486796 
0 7 -89.936240 -38.216949 -70.751816 -85.115890 -82.546855 -88.477409 -89.405499 -29.276442 -96.215928 
7 0 -89.936240 -85.115890 -89.405499 -38.216949 -82.546855 -29.276442 -70.751816 -88.477409 -96.215928 
0 8 -37.586210 -60.185142 -54.824584 -96.383231 -74.553703 -67.908230 -22.846674 -47.597120 -49.945236 
8 0 -37.586210 -96.383231 -22.846674 -60.185142 -74.553703 -47.597120 -54.824584 -67.908230 -49.945236 
0 9 -1.484629 -82.195919 -90.041089 -88.134071 -43.871895 -41.633928 -44.625925 -53.457375 -12.177945 
9 0 -1.484629 -88.134071 -44.625925 -82.195919 -43.871895 -53.457375 -90.041089 -41.633928 -12.177945 
1 2 -74.098067 -18.173695 -97.075284 -30.835414 -2.040140 -75.977986 -70.354921 -99.780623 -72.602733 -98.250911 -65.531472 -17.138079 -46.254015 -59.190225 -29.307370 -85.353204 
2 1 -74.098067 -2.040140 -72.602733 -46.254015 -18.173695 -75.977986 -98.250911 -59.190225 -97.075284 -70.354921 -65.531472 -29.307370 -30.835414 -99.780623 -17.138079 -85.353204 
1 3 -44.571399 -64.117606 -67.243920 -9.348610 -16.942289 -23.708635 -6.740899 -10.276070 
3 1 -44.571399 -67.243920 -16.942289 -6.740899 -64.117606 -9.348610 -23.708635 -10.276070 
1 4 -90.705755 -66.945313 -46.910523 -52.195092 -54.110004 -23.699275 -25.562070 -75.895341 -23.956068 -96.037401 -8.496588 -35.652727 -60.917496 -59.507210 -61.258483 -52.747227 
4 1 -90.705755 -54.110004 -23.956068 -60.917496 -66.945313 -23.699275 -96.037401 -59.507210 -46.910523 -25.562070 -8.496588 -61.258483 -52.195092 -75.895341 -35.652727 -52.747227 
1 5 -56.171412 -13.532535 -33.844605 -49.419999 -89.149099 -13.562538 -93.938922 -18.251688 
5 1 -56.171412 -33.844605 -89.149099 -93.938922 -13.532535 -49.419999 -13.562538 -18.251688 
1 6 -96.257519 -94.744772 -71.099657 -83.352116 -32.005252 -19.484808 -84.281375 -38.130500 -23.178020 -48.735685 -80.292052 -75.001130 
6 1 -96.257519 -83.352116 -84.281375 -48.735685 -94.744772 -32.005252 -38.130500 -80.292052 -71.099657 -19.484808 -23.178020 -75.001130 
1 7 -88.943383 -19.428085 -0.977631 -26.488686 -46.413686 -76.086933 -68.371364 -49.452169 -79.651182 -13.223043 -19.022408 -38.351963 
7 1 -88.943383 -26.488686 -68.371364 -13.223043 -19.428085 -46.413686 -49.452169 -19.022408 -0.977631 -76.086933 -79.651182 -38.351963 
1 8 -58.542469 -53.617899 -34.039660 -49.862845 -67.206693 -60.433953 -31.035789 -47.198132 -61.563817 -52.039496 -77.162607 -61.936721 
8 1 -58.542469 -49.862845 -31.035789 -52.039496 -53.617899 -67.206693 -47.198132 -77.162607 -34.039660 -60.433953 -61.563817 -61.936721 
1 9 -18.240815 -0.612340 -34.924615 -99.063284 -7.749091 -88.034656 -80.899673 -5.673586 -21.249968 -77.966019 -5.801279 -55.680242 
9 1 -18.240815 -99.063284 -80.899673 -77.966019 -0.612340 -7.749091 -5.673586 -5.801279 -34.924615 -88.034656 -21.249968 -55.680242 
2 3 -85.097452 -14.551593 -0.556217 -32.645278 -96.433600 -14.085711 -97.198027 -33.832419 
3 2 -85.097452 -0.556217 -96.433600 -97.198027 -14.551593 -32.645278 -14.085711 -33.832419 
2 4 -54.095303 -57.242291 -51.170671 -67.867263 -93.562266 -4.192777 -53.653600 -3.394259 -2.792867 -9.511820 -74.610978 -83.167938 -24.170627 -0.772829 -14.183006 -52.059950 
4 2 -54.095303 -93.562266 -2.792867 -24.170627 -57.242291 -4.192777 -9.511820 -0.772829 -51.170671 -53.653600 -74.610978 -14.183006 -67.867263 -3.394259 -83.167938 -52.059950 
2 5 -95.961958 -10.887838 -4.536489 -48.712263 -69.080034 -97.816456 -14.980453 -5.700558 
5 2 -95.961958 -4.536489 -69.080034 -14.980453 -10.887838 -48.712263 -97.816456 -5.700558 
2 6 -41.178848 -33.282139 -83.221895 -79.488203 -67.373914 -9.768461 -70.092167 -35.180639 -92.862096 -67.466687 -71.721451 -37.210858 
6 2 -41.178848 -79.488203 -70.092167 -67.466687 -33.282139 -67.373914 -35.180639 -71.721451 -83.221895 -9.768461 -92.862096 -37.210858 
2 7 -87.580421 -96.370332 -89.648015 -85.498523 -50.433265 -21.469093 -21.079494 -95.816885 -48.241309 -43.586216 -31.011383 -58.161913 
7 2 -87.580421 -85.498523 -21.079494 -43.586216 -96.370332 -50.433265 -95.816885 -31.011383 -89.648015 -21.469093 -48.241309 -58.161913 
2 8 -0.527059 -81.557408 -35.836144 -56.101734 -95.531572 -19.606087 -32.933011 -92.708440 -20.643781 -83.704314 -83.747548 -27.250843 
8 2 -0.527059 -56.101734 -32.933011 -83.704314 -81.557408 -95.531572 -92.708440 -83.747548 -35.836144 -19.606087 -20.643781 -27.250843 
2 9 -88.324217 -23.106633 -37.104209 -38.205166 -7.603086 -42.860567 -87.299152 -98.767970 -36.960888 -2.642455 -87.698627 -69.821094 
9 2 -88.324217 -38.205166 -87.299152 -2.642455 -23.106633 -7.603086 -98.767970 -87.698627 -37.104209 -42.860567 -36.960888 -69.821094 
3 4 -35.267992 -55.082411 -72.905109 -44.099137 -55.725789 -53.839552 -84.343829 -4.140714 
4 3 -35.267992 -55.725789 -55.082411 -53.839552 -72.905109 -84.343829 -44.099137 -4.140714 
3 5 -88.582419 -29.867089 -99.120100 -84.946468 
5 3 -88.582419 -99.120100 -29.867089 -84.946468 
3 6 -13.427122 -14.699462 -99.590855 -43.894400 -64.181406 -47.284814 
6 3 -13.427122 -43.894400 -14.699462 -64.181406 -99.590855 -47.284814 
3 7 -31.104486 -83.740699 -89.658140 -21.595391 -68.530634 -12.408384 
7 3 -31.104486 -21.595391 -83.740699 -68.530634 -89.658140 -12.408384 
3 8 -36.856173 -30.752456 -39.142731 -53.279368 -92.787024 -0.686885 
8 3 -36.856173 -53.279368 -30.752456 -92.787024 -39.142731 -0.686885 
3 9 -6.460495 -42.929534 -16.591216 -42.295399 -32.733547 -86.452418 
9 3 -6.460495 -42.295399 -42.929534 -32.733547 -16.591216 -86.452418 
4 5 -6.814354 -17.200939 -58.824476 -85.624331 -64.772896 -5.790849 -81.399400 -49.303392 
5 4 -6.814354 -58.824476 -64.772896 -81.399400 -17.200939 -85.624331 -5.790849 -49.303392 
4 6 -99.904000 -60.080138 -81.255376 -90.766731 -58.058047 -3.172152 -76.941449 -11.397940 -76.677231 -75.870265 -7.209031 -52.741680 
6 4 -99.904000 -90.766731 -76.941449 -75.870265 -60.080138 -58.058047 -11.397940 -7.209031 -81.255376 -3.172152 -76.677231 -52.741680 
4 7 -17.562999 -69.258226 -27.912345 -73.612783 -94.191035 -18.057201 -80.892146 -76.554796 -54.656268 -58.001582 -89.832421 -28.956231 
7 4 -17.562999 -73.612783 -80.892146 -58.001582 -69.258226 -94.191035 -76.554796 -89.832421 -27.912345 -18.057201 -54.656268 -28.956231 
4 8 -57.481991 -77.919865 -17.681762 -40.077675 -54.085336 -35.507438 -42.103991 -65.580347 -86.122083 -84.824404 -58.608887 -89.624128 
8 4 -57.481991 -40.077675 -42.103991 -84.824404 -77.919865 -54.085336 -65.580347 -58.608887 -17.681762 -35.507438 -86.122083 -89.624128 
4 9 -55.601205 -88.765473 -13.451614 -75.512263 -86.943057 -71.940443 -86.578324 -5.687705 -47.989436 -25.402102 -20.497452 -50.262711 
9 4 -55.601205 -75.512263 -86.578324 -25.402102 -88.765473 -86.943057 -5.687705 -20.497452 -13.451614 -71.940443 -47.989436 -50.262711 
5 6 -38.949961 -11.163518 -81.329867 -57.272904 -37.955670 -69.293152 
6 5 -38.949961 -57.272904 -11.163518 -37.955670 -81.329867 -69.293152 
5 7 -35.448725 -48.483070 -82.420967 -83.237740 -28.569236 -27.829690 
7 5 -35.448725 -83.237740 -48.483070 -28.569236 -82.420967 -27.829690 
5 8 -62.427408 -43.926648 -49.219112 -65.164581 -32.739272 -17.913545 
8 5 -62.427408 -65.164581 -43.926648 -32.739272 -49.219112 -17.913545 
5 9 -94.786995 -5.552395 -13.639357 -89.397299 -47.801588 -87.626947 
9 5 -94.786995 -89.397299 -5.552395 -47.801588 -13.639357 -87.626947 
6 7 -50.833953 -87.952204 -5.797460 -61.915739 -72.173513 -47.406435 -38.029588 -44.538155 -12.892058 
7 6 -50.833953 -61.915739 -38.029588 -87.952204 -72.173513 -44.538155 -5.797460 -47.406435 -12.892058 
6 8 -84.123635 -67.570122 -80.749707 -6.363926 -7.946876 -87.028737 -92.825801 -68.615484 -48.807550 
8 6 -84.123635 -6.363926 -92.825801 -67.570122 -7.946876 -68.615484 -80.749707 -87.028737 -48.807550 
6 9 -64.161568 -44.165319 -99.463591 -23.382496 -28.769766 -20.301118 -39.052088 -90.597798 -34.735121 
9 6 -64.161568 -23.382496 -39.052088 -44.165319 -28.769766 -90.597798 -99.463591 -20.301118 -34.735121 
7 8 -81.206885 -33.490026 -45.990042 -48.675994 -18.625116 -74.558108 -67.912352 -66.816903 -41.988457 
8 7 -81.206885 -48.675994 -67.912352 -33.490026 -18.625116 -66.816903 -45.990042 -74.558108 -41.988457 
7 9 -46.322869 -33.022832 -79.735166 -60.230705 -94.421034 -40.960679 -92.874910 -10.260910 -73.199177 
9 7 -46.322869 -60.230705 -92.874910 -33.022832 -94.421034 -10.260910 -79.735166 -40.960679 -73.199177 
8 9 -90.912891 -74.024843 -46.750073 -22.082289 -97.276770 -5.115277 -66.389129 -82.559513 -58.612367 
9 8 -90.912891 -22.082289 -66.389129 -74.024843 -97.276770 -82.559513 -46.750073 -5.115277 -58.612367 
