7
0 1 -0.014172554 -0.01856041 -0.018939018 -0.012536883 -0.017781496 -0.01931262 -0.01608777 -0.021800518 -0.021818876 -0.014158726 -0.02052617 -0.022258282 -0.0149207115 -0.019508839 -0.019881487 -0.013182402 -0.018665314 -0.020298958 -0.011466265 -0.014785767 -0.015190601 -0.010191798 -0.014183044 -0.015481472
0 2 -1.1195395 -1.1553607 -1.1195538 -1.5739625 -1.0082572 0.044890642 -1.0369189 -1.2069752 -1.0369761 -0.7157564 -0.5562954 -0.711581
0 3 -0.01845026 -0.012846947 -0.026806355 -0.013103962 -0.019768238 -0.02562809 -0.012628555 -0.01958561 -0.01384306 -0.028077602 -0.014122486 -0.020897388 -0.02688694 -0.013623714 -0.018814564 -0.013230324 -0.02709961 -0.01350069 -0.02009201 -0.025938988 -0.013018131 -0.01681137 -0.010768414 -0.025315285 -0.011152267 -0.0178895 -0.024230957 -0.010561466
0 4 -0.006781578 -0.0055220127 -0.006127596 -0.0071440935 -0.007753134 -0.0063534975 -0.007121563 -0.007233858 -0.005884528 -0.0065284967 -0.0076818466 -0.00835824 -0.006824732 -0.0076600313 -0.006901264 -0.0056016445 -0.006231189 -0.0072852373 -0.007917166 -0.006466627 -0.00726068 -0.005781293 -0.0047661066 -0.0051932335 -0.0060127974 -0.006386757 -0.0054006577 -0.0059947968
0 5 -0.024335384 -0.02597785 -0.026879072 -0.024859667 -0.023778915 -0.02537942 -0.026236773 -0.024307013 -0.02482295 -0.026530504 -0.027471066 -0.025372267 -0.016097069 -0.017011404 -0.017805576 -0.016283989
0 6 -1.6610496 -1.7174306 -1.6644189 -1.6147044
1 0 -0.014172554 -0.01608777 -0.0149207115 -0.011466265 -0.01856041 -0.021800518 -0.019508839 -0.014785767 -0.018939018 -0.021818876 -0.019881487 -0.015190601 -0.012536883 -0.014158726 -0.013182402 -0.010191798 -0.017781496 -0.02052617 -0.018665314 -0.014183044 -0.01931262 -0.022258282 -0.020298958 -0.015481472
1 2 -0.018655777 -0.019521713 -0.018194914 -0.029237986 -0.030276299 -0.0283432 -0.028867722 -0.030118942 -0.02831316 -0.017067194 -0.017965078 -0.01662016 -0.027197361 -0.028763056 -0.026718378 -0.029505014 -0.030610561 -0.028829813
1 3 -0.028220177 -0.030803204 -0.02712965 -0.030693054 -0.029106617 -0.02637577 -0.030920506 -0.06271553 -0.06657839 -0.062203884 -0.06594086 -0.06480789 -0.06084156 -0.06688881 -0.050371647 -0.054506302 -0.05008602 -0.053723812 -0.05279112 -0.048568726 -0.05467844 -0.025859356 -0.028306007 -0.024637222 -0.028275967 -0.026578426 -0.023955345 -0.028421879 -0.054101944 -0.058288097 -0.053917408 -0.057468414 -0.05661106 -0.052358627 -0.058478355 -0.04500103 -0.048891544 -0.044543743 -0.048213005 -0.047156334 -0.04316616 -0.049028397
1 4 -0.026851416 -0.024147868 -0.021644473 -0.03420794 -0.03394556 -0.043901563 -0.034205914 -0.05864179 -0.04481268 -0.040244937 -0.082836986 -0.08165717 -0.10993409 -0.08280671 -0.051428676 -0.042362213 -0.037847996 -0.0690732 -0.071207285 -0.09362137 -0.069006324 -0.025812626 -0.023407817 -0.020911932 -0.032692194 -0.03244853 -0.042253494 -0.032706738 -0.060474157 -0.049553514 -0.043725133 -0.08125186 -0.08421421 -0.114130735 -0.081147075 -0.044707775 -0.037385583 -0.033645272 -0.059385777 -0.06105113 -0.07920849 -0.05930066
1 5 -0.0056815147 -0.005604744 -0.0056869984 -0.0053789616 -0.009934902 -0.0097904205 -0.0100159645 -0.009289265 -0.010158777 -0.010024071 -0.010214567 -0.0095460415 -0.0053613186 -0.0052878857 -0.0053572655 -0.0050787926 -0.01109767 -0.010932922 -0.011143684 -0.010389805 -0.0093746185 -0.009260178 -0.0094230175 -0.0088329315
1 6 -0.02117014 -0.03380537 -0.03294897 -0.019314766 -0.033061028 -0.031542778
2 0 -1.1195395 -1.5739625 -1.0369189 -0.7157564 -1.1553607 -1.0082572 -1.2069752 -0.5562954 -1.1195538 0.044890642 -1.0369761 -0.711581
2 1 -0.018655777 -0.029237986 -0.028867722 -0.017067194 -0.027197361 -0.029505014 -0.019521713 -0.030276299 -0.030118942 -0.017965078 -0.028763056 -0.030610561 -0.018194914 -0.0283432 -0.02831316 -0.01662016 -0.026718378 -0.028829813
2 3 -0.007376194 -0.009003162 -0.0079984665 -0.008283138 -0.008961678 -0.0072402954 -0.008900166 -0.006187916 -0.007809162 -0.0067920685 -0.0070943832 -0.0077552795 -0.006044388 -0.007710457 -0.0073957443 -0.009020805 -0.008015156 -0.008302212 -0.008978844 -0.007259369 -0.0089178085
2 4 -0.0098923445 -0.008902431 -0.011224389 -0.010600686 -0.013493538 -0.009995699 -0.010549307 -0.009034038 -0.008668423 -0.010722756 -0.009848475 -0.012411356 -0.009596944 -0.009806275 -0.010036826 -0.009032965 -0.011433482 -0.010738611 -0.013688564 -0.010120273 -0.0106858015
2 5 -0.23086095 -0.2055099 -0.18685722 -0.21785736 -0.1872797 -0.15357399 -0.13580179 -0.17165685 -0.25321388 -0.22315311 -0.20178509 -0.23730373
2 6 -0.19529247 -0.10991907 -0.19062471
3 0 -0.01845026 -0.01958561 -0.018814564 -0.01681137 -0.012846947 -0.01384306 -0.013230324 -0.010768414 -0.026806355 -0.028077602 -0.02709961 -0.025315285 -0.013103962 -0.014122486 -0.01350069 -0.011152267 -0.019768238 -0.020897388 -0.02009201 -0.0178895 -0.02562809 -0.02688694 -0.025938988 -0.024230957 -0.012628555 -0.013623714 -0.013018131 -0.010561466
3 1 -0.028220177 -0.06271553 -0.050371647 -0.025859356 -0.054101944 -0.04500103 -0.030803204 -0.06657839 -0.054506302 -0.028306007 -0.058288097 -0.048891544 -0.02712965 -0.062203884 -0.05008602 -0.024637222 -0.053917408 -0.044543743 -0.030693054 -0.06594086 -0.053723812 -0.028275967 -0.057468414 -0.048213005 -0.029106617 -0.06480789 -0.05279112 -0.026578426 -0.05661106 -0.047156334 -0.02637577 -0.06084156 -0.048568726 -0.023955345 -0.052358627 -0.04316616 -0.030920506 -0.06688881 -0.05467844 -0.028421879 -0.058478355 -0.049028397
3 2 -0.007376194 -0.006187916 -0.0073957443 -0.009003162 -0.007809162 -0.009020805 -0.0079984665 -0.0067920685 -0.008015156 -0.008283138 -0.0070943832 -0.008302212 -0.008961678 -0.0077552795 -0.008978844 -0.0072402954 -0.006044388 -0.007259369 -0.008900166 -0.007710457 -0.0089178085
3 4 -0.7529274 -0.6321689 -0.661196 -0.6276294 -0.8396609 -0.69893956 1.1480708 -0.7522551 -0.6310328 -0.66005194 -0.6263529 -0.8383429 -0.6980493 1.1493833 -0.75411725 -0.6327981 -0.66192794 -0.6281059 -0.84025264 -0.69977796 1.1476165 -0.7520753 -0.63118434 -0.6601658 -0.6274837 -0.8383496 -0.6981282 1.149104 -0.75382733 -0.63238406 -0.6614871 -0.6276394 -0.8401506 -0.69950736 1.1481147 -0.7536793 -0.6327828 -0.66171825 -0.6289338 -0.8399713 -0.6994201 1.1477454 -0.7504537 -0.63016593 -0.6590754 -0.62560815 -0.8369429 -0.6972321 1.1514206
3 5 -0.027471304 -0.025707483 -0.028975725 -0.022927761 -0.028832912 -0.027158737 -0.03045106 -0.024343967 -0.027568102 -0.02577591 -0.029049873 -0.02300477 -0.02828765 -0.026593447 -0.029877424 -0.023785591 -0.028473377 -0.02673769 -0.030025959 -0.023942947 -0.027160168 -0.025353432 -0.028616428 -0.022588253 -0.02866602 -0.02699852 -0.03026557 -0.024198532
3 6 -0.33389997 -0.29315758 -0.30832958 -0.31075 -0.2760644 -0.34562778 -0.29559088
4 0 -0.006781578 -0.007233858 -0.006901264 -0.005781293 -0.0055220127 -0.005884528 -0.0056016445 -0.0047661066 -0.006127596 -0.0065284967 -0.006231189 -0.0051932335 -0.0071440935 -0.0076818466 -0.0072852373 -0.0060127974 -0.007753134 -0.00835824 -0.007917166 -0.006386757 -0.0063534975 -0.006824732 -0.006466627 -0.0054006577 -0.007121563 -0.0076600313 -0.00726068 -0.0059947968
4 1 -0.026851416 -0.05864179 -0.051428676 -0.025812626 -0.060474157 -0.044707775 -0.024147868 -0.04481268 -0.042362213 -0.023407817 -0.049553514 -0.037385583 -0.021644473 -0.040244937 -0.037847996 -0.020911932 -0.043725133 -0.033645272 -0.03420794 -0.082836986 -0.0690732 -0.032692194 -0.08125186 -0.059385777 -0.03394556 -0.08165717 -0.071207285 -0.03244853 -0.08421421 -0.06105113 -0.043901563 -0.10993409 -0.09362137 -0.042253494 -0.114130735 -0.07920849 -0.034205914 -0.08280671 -0.069006324 -0.032706738 -0.081147075 -0.05930066
4 2 -0.0098923445 -0.009034038 -0.010036826 -0.008902431 -0.008668423 -0.009032965 -0.011224389 -0.010722756 -0.011433482 -0.010600686 -0.009848475 -0.010738611 -0.013493538 -0.012411356 -0.013688564 -0.009995699 -0.009596944 -0.010120273 -0.010549307 -0.009806275 -0.0106858015
4 3 -0.7529274 -0.7522551 -0.75411725 -0.7520753 -0.75382733 -0.7536793 -0.7504537 -0.6321689 -0.6310328 -0.6327981 -0.63118434 -0.63238406 -0.6327828 -0.63016593 -0.661196 -0.66005194 -0.66192794 -0.6601658 -0.6614871 -0.66171825 -0.6590754 -0.6276294 -0.6263529 -0.6281059 -0.6274837 -0.6276394 -0.6289338 -0.62560815 -0.8396609 -0.8383429 -0.84025264 -0.8383496 -0.8401506 -0.8399713 -0.8369429 -0.69893956 -0.6980493 -0.69977796 -0.6981282 -0.69950736 -0.6994201 -0.6972321 1.1480708 1.1493833 1.1476165 1.149104 1.1481147 1.1477454 1.1514206
4 5 -0.58629346 -0.36473274 -0.4064622 -0.29025626 -0.48179197 -0.33458877 -0.3585689 -0.26222658 -0.91467977 -0.777195 -0.8036189 -0.5762427 -0.43880725 -0.2956698 -0.32218432 -0.234725 -0.62895155 -0.41790128 -0.45515823 -0.33052802 -0.40392494 -0.27427912 -0.29723215 -0.2184062 -0.43619585 -0.2940364 -0.3202479 -0.23350835
4 6 -0.04169798 -0.02282238 -0.028060436 -0.04323578 -0.04675436 -0.027668476 -0.04292679
5 0 -0.024335384 -0.023778915 -0.02482295 -0.016097069 -0.02597785 -0.02537942 -0.026530504 -0.017011404 -0.026879072 -0.026236773 -0.027471066 -0.017805576 -0.024859667 -0.024307013 -0.025372267 -0.016283989
5 1 -0.0056815147 -0.009934902 -0.010158777 -0.0053613186 -0.01109767 -0.0093746185 -0.005604744 -0.0097904205 -0.010024071 -0.0052878857 -0.010932922 -0.009260178 -0.0056869984 -0.0100159645 -0.010214567 -0.0053572655 -0.011143684 -0.0094230175 -0.0053789616 -0.009289265 -0.0095460415 -0.0050787926 -0.010389805 -0.0088329315
5 2 -0.23086095 -0.1872797 -0.25321388 -0.2055099 -0.15357399 -0.22315311 -0.18685722 -0.13580179 -0.20178509 -0.21785736 -0.17165685 -0.23730373
5 3 -0.027471304 -0.028832912 -0.027568102 -0.02828765 -0.028473377 -0.027160168 -0.02866602 -0.025707483 -0.027158737 -0.02577591 -0.026593447 -0.02673769 -0.025353432 -0.02699852 -0.028975725 -0.03045106 -0.029049873 -0.029877424 -0.030025959 -0.028616428 -0.03026557 -0.022927761 -0.024343967 -0.02300477 -0.023785591 -0.023942947 -0.022588253 -0.024198532
5 4 -0.58629346 -0.48179197 -0.91467977 -0.43880725 -0.62895155 -0.40392494 -0.43619585 -0.36473274 -0.33458877 -0.777195 -0.2956698 -0.41790128 -0.27427912 -0.2940364 -0.4064622 -0.3585689 -0.8036189 -0.32218432 -0.45515823 -0.29723215 -0.3202479 -0.29025626 -0.26222658 -0.5762427 -0.234725 -0.33052802 -0.2184062 -0.23350835
5 6 -0.09094 -0.11507988 -0.13985252 -0.0980773
6 0 -1.6610496 -1.7174306 -1.6644189 -1.6147044
6 1 -0.02117014 -0.03380537 -0.03294897 -0.019314766 -0.033061028 -0.031542778
6 2 -0.19529247 -0.10991907 -0.19062471
6 3 -0.33389997 -0.29315758 -0.30832958 -0.31075 -0.2760644 -0.34562778 -0.29559088
6 4 -0.04169798 -0.02282238 -0.028060436 -0.04323578 -0.04675436 -0.027668476 -0.04292679
6 5 -0.09094 -0.11507988 -0.13985252 -0.0980773
